253377465 231231034184949430
253377466 240101034218670335
253377467 240101034160617018
253377468 240101034098843603
253377469 240101034098844714
253377470 240101034160620968
253377471 240101034160621796
253377472 240101034160624731
253377473 240101034218684338
253377474 240101034184963843
253377475 231231034097777480
253377476 240101034160628390
253377477 240101034160636316
253377478 231231034217171864
253377479 240101034184977099
253377480 240101034218700396
253377481 231231034160027364
253377482 240101034160644416
253377483 240101034218720210
253377484 240101034098885323
253377485 240101034218722980
253377486 240101034160661868
253377487 240101034160667990
253377488 240101034185012774
253377489 240101034160670323
253377490 240101034185022114
253377491 240101034185024848
253377492 231231034021824847
253377493 240101034185028315
253377494 231231034021805025